a= [1 3 6.2]
b=[0.7; -3; 0]
a=2*a
a(4)=2*b(1)
b(7)=3
b(5)=2*a(0)
a(1)*3*b(10)